event,start,end,duration,RMSE,MAE,stars,params,comment
uDreyfus1_nlsr::nlxb_01,15:36:51.366,15:36:51.398,0.032,0,0,**,maxiter = 150,Require hand-made formulas and scaling
uDreyfus1_nlsr::nlxb_02,15:36:51.398,15:36:51.413,0.015,0,0,**,maxiter = 150,Require hand-made formulas and scaling
uDreyfus1_nlsr::nlxb_03,15:36:51.413,15:36:51.429,0.016,0,0,**,maxiter = 150,Require hand-made formulas and scaling
uDreyfus1_nlsr::nlxb_04,15:36:51.429,15:36:51.460,0.031,0,0,**,maxiter = 150,Require hand-made formulas and scaling
uDreyfus1_nlsr::nlxb_05,15:36:51.460,15:36:51.476,0.016,0,0,**,maxiter = 150,Require hand-made formulas and scaling
uDreyfus1_nlsr::nlxb_06,15:36:51.476,15:36:51.491,0.015,0,0,**,maxiter = 150,Require hand-made formulas and scaling
uDreyfus1_nlsr::nlxb_07,15:36:51.491,15:36:51.522,0.031,0.1132,0.0799,**,maxiter = 150,Require hand-made formulas and scaling
uDreyfus1_nlsr::nlxb_08,15:36:51.522,15:36:51.538,0.016,0,0,**,maxiter = 150,Require hand-made formulas and scaling
uDreyfus1_nlsr::nlxb_09,15:36:51.538,15:36:51.585,0.047,0.0932,0.0738,**,maxiter = 150,Require hand-made formulas and scaling
uDreyfus1_nlsr::nlxb_10,15:36:51.601,15:36:51.616,0.015,0,0,**,maxiter = 150,Require hand-made formulas and scaling
uDreyfus1_minpack.lm::nlsLM_01,15:46:30.022,15:46:30.022,0,0,0,**,maxiter = 150,Require hand-made formulas and scaling
uDreyfus1_minpack.lm::nlsLM_02,15:46:30.022,15:46:30.038,0.016,0,0,**,maxiter = 150,Require hand-made formulas and scaling
uDreyfus1_minpack.lm::nlsLM_03,15:46:30.038,15:46:30.053,0.015,0,0,**,maxiter = 150,Require hand-made formulas and scaling
uDreyfus1_minpack.lm::nlsLM_04,15:46:30.053,15:46:30.069,0.016,0.0932,0.0737,**,maxiter = 150,Require hand-made formulas and scaling
uDreyfus1_minpack.lm::nlsLM_05,15:46:30.069,15:46:30.085,0.016,0,0,**,maxiter = 150,Require hand-made formulas and scaling
uDreyfus1_minpack.lm::nlsLM_06,15:46:30.085,15:46:30.085,0,0,0,**,maxiter = 150,Require hand-made formulas and scaling
uDreyfus1_minpack.lm::nlsLM_07,15:46:30.085,15:46:30.100,0.015,0,0,**,maxiter = 150,Require hand-made formulas and scaling
uDreyfus1_minpack.lm::nlsLM_08,15:46:30.100,15:46:30.116,0.016,0.1132,0.0799,**,maxiter = 150,Require hand-made formulas and scaling
uDreyfus1_minpack.lm::nlsLM_09,15:46:30.116,15:46:30.116,0,0,0,**,maxiter = 150,Require hand-made formulas and scaling
uDreyfus1_minpack.lm::nlsLM_10,15:46:30.116,15:46:30.116,0,0,0,**,maxiter = 150,Require hand-made formulas and scaling
uDreyfus1_h2o::h2o.deeplearning_01,15:54:16.527,15:54:17.121,0.594,0.3655,0.2663,,maxiter=200,Bad on univariate datasets
uDreyfus1_h2o::h2o.deeplearning_02,15:54:17.121,15:54:17.699,0.578,0.2988,0.2583,,maxiter=200,Bad on univariate datasets
uDreyfus1_h2o::h2o.deeplearning_03,15:54:17.699,15:54:18.214,0.515,0.314,0.2569,,maxiter=200,Bad on univariate datasets
uDreyfus1_h2o::h2o.deeplearning_04,15:54:18.214,15:54:18.792,0.578,0.3556,0.2716,,maxiter=200,Bad on univariate datasets
uDreyfus1_h2o::h2o.deeplearning_05,15:54:18.792,15:54:19.370,0.578,0.2813,0.2409,,maxiter=200,Bad on univariate datasets
uDreyfus1_h2o::h2o.deeplearning_06,15:54:19.370,15:54:19.964,0.594,0.3533,0.2711,,maxiter=200,Bad on univariate datasets
uDreyfus1_h2o::h2o.deeplearning_07,15:54:19.964,15:54:20.542,0.578,0.3376,0.2704,,maxiter=200,Bad on univariate datasets
uDreyfus1_h2o::h2o.deeplearning_08,15:54:20.542,15:54:21.104,0.562,0.3287,0.2744,,maxiter=200,Bad on univariate datasets
uDreyfus1_h2o::h2o.deeplearning_09,15:54:21.104,15:54:21.682,0.578,0.3477,0.2744,,maxiter=200,Bad on univariate datasets
uDreyfus1_h2o::h2o.deeplearning_10,15:54:21.682,15:54:22.228,0.546,0.3282,0.2774,,maxiter=200,Bad on univariate datasets
uDreyfus1_neuralnet::neuralnet_rprop+_01,18:10:57.524,18:10:57.602,0.078,0.0102,0.0079,,,Erratic on difficult datasets
uDreyfus1_neuralnet::neuralnet_rprop+_02,18:10:57.602,18:10:57.868,0.266,0.0203,0.0172,,,Erratic on difficult datasets
uDreyfus1_neuralnet::neuralnet_rprop+_03,18:10:57.883,18:10:57.930,0.047,0.0745,0.0546,,,Erratic on difficult datasets
uDreyfus1_neuralnet::neuralnet_rprop+_04,18:10:57.946,18:10:58.071,0.125,0.0237,0.0206,,,Erratic on difficult datasets
uDreyfus1_neuralnet::neuralnet_rprop+_05,18:10:58.086,18:10:58.164,0.078,0.0174,0.0149,,,Erratic on difficult datasets
uDreyfus1_neuralnet::neuralnet_backprop_01,21:18:55.010,21:19:00.321,5.311,1.6122,1.3725,,,Fails on difficult datasets
uDreyfus1_neuralnet::neuralnet_backprop_02,21:19:00.321,21:19:03.039,2.718,0.0865,0.0655,,,Fails on difficult datasets
uDreyfus1_neuralnet::neuralnet_backprop_03,21:19:03.039,21:19:05.882,2.843,0.0249,0.0209,,,Fails on difficult datasets
uDreyfus1_neuralnet::neuralnet_backprop_04,21:19:05.882,21:19:10.943,5.061,0.0343,0.0279,,,Fails on difficult datasets
uDreyfus1_neuralnet::neuralnet_backprop_05,21:19:10.943,21:19:14.849,3.906,0.0199,0.0176,,,Fails on difficult datasets
uDreyfus1_brnn::brnn_gaussNewton_01,10:21:54.211,10:21:54.211,0,0.0301,0.0235,***,,Different NN
uDreyfus1_brnn::brnn_gaussNewton_02,10:21:54.211,10:21:54.226,0.015,0.0302,0.0234,***,,Different NN
uDreyfus1_brnn::brnn_gaussNewton_03,10:21:54.226,10:21:54.242,0.016,0.031,0.0238,***,,Different NN
uDreyfus1_brnn::brnn_gaussNewton_04,10:21:54.242,10:21:54.242,0,0.0303,0.0235,***,,Different NN
uDreyfus1_brnn::brnn_gaussNewton_05,10:21:54.242,10:21:54.258,0.016,0.0304,0.0235,***,,Different NN
uDreyfus1_brnn::brnn_gaussNewton_06,10:21:54.258,10:21:54.273,0.015,0.0308,0.0242,***,,Different NN
uDreyfus1_brnn::brnn_gaussNewton_07,10:21:54.273,10:21:54.273,0,0.0309,0.0238,***,,Different NN
uDreyfus1_brnn::brnn_gaussNewton_08,10:21:54.273,10:21:54.289,0.016,0.0307,0.0236,***,,Different NN
uDreyfus1_brnn::brnn_gaussNewton_09,10:21:54.289,10:21:54.304,0.015,0.0301,0.0235,***,,Different NN
uDreyfus1_brnn::brnn_gaussNewton_10,10:21:54.304,10:21:54.304,0,0.0301,0.0235,***,,Different NN
uDreyfus1_AMORE::train_ADAPTgd_01,13:56:38.817,13:56:38.933,0.116,0.2508,0.2008,*,iter=3500, lr=0.01. Require scaling,
uDreyfus1_AMORE::train_ADAPTgd_02,13:56:38.933,13:56:39.050,0.117,0.3333,0.2801,*,iter=3500, lr=0.01. Require scaling,
uDreyfus1_AMORE::train_ADAPTgd_03,13:56:39.050,13:56:39.161,0.111,0.3232,0.2747,*,iter=3500, lr=0.01. Require scaling,
uDreyfus1_AMORE::train_ADAPTgd_04,13:56:39.161,13:56:39.273,0.112,0.3064,0.2577,*,iter=3500, lr=0.01. Require scaling,
uDreyfus1_AMORE::train_ADAPTgd_05,13:56:39.273,13:56:39.384,0.111,0.1122,0.0758,*,iter=3500, lr=0.01. Require scaling,
uDreyfus1_AMORE::train_ADAPTgd_06,13:56:39.384,13:56:39.495,0.111,0.2757,0.232,*,iter=3500, lr=0.01. Require scaling,
uDreyfus1_AMORE::train_ADAPTgd_07,13:56:39.503,13:56:39.615,0.112,0.1782,0.1364,*,iter=3500, lr=0.01. Require scaling,
uDreyfus1_AMORE::train_ADAPTgd_08,13:56:39.617,13:56:39.728,0.111,0.2678,0.2278,*,iter=3500, lr=0.01. Require scaling,
uDreyfus1_AMORE::train_ADAPTgd_09,13:56:39.728,13:56:39.839,0.111,0.3009,0.2543,*,iter=3500, lr=0.01. Require scaling,
uDreyfus1_AMORE::train_ADAPTgd_10,13:56:39.839,13:56:39.958,0.119,0.2334,0.1778,*,iter=3500, lr=0.01. Require scaling,
uDreyfus1_AMORE::train_ADAPTgdwm_01,14:16:39.642,14:16:40.027,0.385,0.0435,0.0347,*,iter=10000, lr=0.009, momentum=0.8, sigmoid,
uDreyfus1_AMORE::train_ADAPTgdwm_02,14:16:40.027,14:16:40.412,0.385,0.0542,0.0447,*,iter=10000, lr=0.009, momentum=0.8, sigmoid,
uDreyfus1_AMORE::train_ADAPTgdwm_03,14:16:40.412,14:16:40.796,0.384,0.0499,0.0408,*,iter=10000, lr=0.009, momentum=0.8, sigmoid,
uDreyfus1_AMORE::train_ADAPTgdwm_04,14:16:40.796,14:16:41.180,0.384,0.0593,0.0497,*,iter=10000, lr=0.009, momentum=0.8, sigmoid,
uDreyfus1_AMORE::train_ADAPTgdwm_05,14:16:41.188,14:16:41.574,0.386,0.0505,0.0413,*,iter=10000, lr=0.009, momentum=0.8, sigmoid,
uDreyfus1_AMORE::train_ADAPTgdwm_06,14:16:41.574,14:16:41.958,0.384,0.0509,0.041,*,iter=10000, lr=0.009, momentum=0.8, sigmoid,
uDreyfus1_AMORE::train_ADAPTgdwm_07,14:16:41.958,14:16:42.352,0.394,0.0548,0.0454,*,iter=10000, lr=0.009, momentum=0.8, sigmoid,
uDreyfus1_AMORE::train_ADAPTgdwm_08,14:16:42.352,14:16:42.747,0.395,0.0563,0.0465,*,iter=10000, lr=0.009, momentum=0.8, sigmoid,
uDreyfus1_AMORE::train_ADAPTgdwm_09,14:16:42.747,14:16:43.139,0.392,0.0596,0.0494,*,iter=10000, lr=0.009, momentum=0.8, sigmoid,
uDreyfus1_AMORE::train_ADAPTgdwm_10,14:16:43.141,14:16:43.525,0.384,0.0545,0.0452,*,iter=10000, lr=0.009, momentum=0.8, sigmoid,
uDreyfus1_AMORE::train_BATCHgd_01,14:36:44.826,14:36:45.883,1.057,0.3703,0.2835,,iter=7500, lr=0.05, sigmoid,very bad
uDreyfus1_AMORE::train_BATCHgd_02,14:36:45.883,14:36:46.911,1.028,0.3707,0.2825,,iter=7500, lr=0.05, sigmoid,very bad
uDreyfus1_AMORE::train_BATCHgd_03,14:36:46.926,14:36:47.965,1.039,0.362,0.2819,,iter=7500, lr=0.05, sigmoid,very bad
uDreyfus1_AMORE::train_BATCHgd_04,14:36:47.965,14:36:49.006,1.041,0.3644,0.2823,,iter=7500, lr=0.05, sigmoid,very bad
uDreyfus1_AMORE::train_BATCHgd_05,14:36:49.006,14:36:50.039,1.033,0.3526,0.2758,,iter=7500, lr=0.05, sigmoid,very bad
uDreyfus1_AMORE::train_BATCHgdwm_01,15:03:58.307,15:04:00.682,2.375,0.4331,0.3362,,iter=9000, lr=0.008, momentum=0.7, tansig,Bad. No example
uDreyfus1_AMORE::train_BATCHgdwm_02,15:04:00.682,15:04:03.094,2.412,0.4538,0.3535,,iter=9000, lr=0.008, momentum=0.7, tansig,Bad. No example
uDreyfus1_AMORE::train_BATCHgdwm_03,15:04:03.094,15:04:05.451,2.357,0.4476,0.3525,,iter=9000, lr=0.008, momentum=0.7, tansig,Bad. No example
uDreyfus1_AMORE::train_BATCHgdwm_04,15:04:05.451,15:04:07.839,2.388,0.4815,0.3921,,iter=9000, lr=0.008, momentum=0.7, tansig,Bad. No example
uDreyfus1_AMORE::train_BATCHgdwm_05,15:04:07.839,15:04:10.201,2.362,0.4397,0.3337,,iter=9000, lr=0.008, momentum=0.7, tansig,Bad. No example
uDreyfus1_ANN2::neuralnetwork_sgd_01,16:27:44.952,16:27:45.015,0.063,0.3404,0.2776,*,iter=4000, lr=0.01,Require fine tuning
uDreyfus1_ANN2::neuralnetwork_sgd_02,16:27:45.015,16:27:45.062,0.047,0.2038,0.1345,*,iter=4000, lr=0.01,Require fine tuning
uDreyfus1_ANN2::neuralnetwork_sgd_03,16:27:45.062,16:27:45.124,0.062,0.2863,0.2315,*,iter=4000, lr=0.01,Require fine tuning
uDreyfus1_ANN2::neuralnetwork_sgd_04,16:27:45.124,16:27:45.171,0.047,0.341,0.2782,*,iter=4000, lr=0.01,Require fine tuning
uDreyfus1_ANN2::neuralnetwork_sgd_05,16:27:45.171,16:27:45.234,0.063,0.3521,0.2771,*,iter=4000, lr=0.01,Require fine tuning
uDreyfus1_ANN2::neuralnetwork_sgd_06,16:27:45.234,16:27:45.280,0.046,0.3444,0.2774,*,iter=4000, lr=0.01,Require fine tuning
uDreyfus1_ANN2::neuralnetwork_sgd_07,16:27:45.280,16:27:45.327,0.047,0.3431,0.2786,*,iter=4000, lr=0.01,Require fine tuning
uDreyfus1_ANN2::neuralnetwork_sgd_08,16:27:45.327,16:27:45.374,0.047,0.3428,0.278,*,iter=4000, lr=0.01,Require fine tuning
uDreyfus1_ANN2::neuralnetwork_sgd_09,16:27:45.390,16:27:45.437,0.047,0.3206,0.2594,*,iter=4000, lr=0.01,Require fine tuning
uDreyfus1_ANN2::neuralnetwork_sgd_10,16:27:45.437,16:27:45.484,0.047,0.3295,0.2743,*,iter=4000, lr=0.01,Require fine tuning
uDreyfus1_ANN2::neuralnetwork_adam_01,16:35:23.780,16:35:23.839,0.059,0.0538,0.0437,*,iter=4000, lr=0.02,Require fine tuning
uDreyfus1_ANN2::neuralnetwork_adam_02,16:35:23.841,16:35:23.897,0.056,0.0893,0.0684,*,iter=4000, lr=0.02,Require fine tuning
uDreyfus1_ANN2::neuralnetwork_adam_03,16:35:23.899,16:35:23.955,0.056,0.0863,0.0707,*,iter=4000, lr=0.02,Require fine tuning
uDreyfus1_ANN2::neuralnetwork_adam_04,16:35:23.957,16:35:24.011,0.054,0.0833,0.0564,*,iter=4000, lr=0.02,Require fine tuning
uDreyfus1_ANN2::neuralnetwork_adam_05,16:35:24.013,16:35:24.069,0.056,0.0172,0.0135,*,iter=4000, lr=0.02,Require fine tuning
uDreyfus1_ANN2::neuralnetwork_adam_06,16:35:24.070,16:35:24.126,0.056,0.0515,0.0413,*,iter=4000, lr=0.02,Require fine tuning
uDreyfus1_ANN2::neuralnetwork_adam_07,16:35:24.128,16:35:24.184,0.056,0.0409,0.0328,*,iter=4000, lr=0.02,Require fine tuning
uDreyfus1_ANN2::neuralnetwork_adam_08,16:35:24.185,16:35:24.242,0.057,0.0323,0.0257,*,iter=4000, lr=0.02,Require fine tuning
uDreyfus1_ANN2::neuralnetwork_adam_09,16:35:24.244,16:35:24.302,0.058,0.068,0.0558,*,iter=4000, lr=0.02,Require fine tuning
uDreyfus1_ANN2::neuralnetwork_adam_10,16:35:24.304,16:35:24.361,0.057,0.0506,0.0397,*,iter=4000, lr=0.02,Require fine tuning
uDreyfus1_ANN2::neuralnetwork_rmsprop_01,16:41:46.981,16:41:47.028,0.047,0.1758,0.1597,,iter=4000, lr=0.03,Inaccurate. Sometimes good
uDreyfus1_ANN2::neuralnetwork_rmsprop_02,16:41:47.028,16:41:47.090,0.062,0.0696,0.054,,iter=4000, lr=0.03,Inaccurate. Sometimes good
uDreyfus1_ANN2::neuralnetwork_rmsprop_03,16:41:47.090,16:41:47.137,0.047,0.0651,0.0489,,iter=4000, lr=0.03,Inaccurate. Sometimes good
uDreyfus1_ANN2::neuralnetwork_rmsprop_04,16:41:47.137,16:41:47.200,0.063,0.0417,0.0333,,iter=4000, lr=0.03,Inaccurate. Sometimes good
uDreyfus1_ANN2::neuralnetwork_rmsprop_05,16:41:47.200,16:41:47.247,0.047,0.0629,0.0551,,iter=4000, lr=0.03,Inaccurate. Sometimes good
uDreyfus1_ANN2::neuralnetwork_rmsprop_06,16:41:47.247,16:41:47.309,0.062,0.0673,0.0603,,iter=4000, lr=0.03,Inaccurate. Sometimes good
uDreyfus1_ANN2::neuralnetwork_rmsprop_07,16:41:47.309,16:41:47.356,0.047,0.055,0.0445,,iter=4000, lr=0.03,Inaccurate. Sometimes good
uDreyfus1_ANN2::neuralnetwork_rmsprop_08,16:41:47.356,16:41:47.418,0.062,0.117,0.1049,,iter=4000, lr=0.03,Inaccurate. Sometimes good
uDreyfus1_ANN2::neuralnetwork_rmsprop_09,16:41:47.418,16:41:47.465,0.047,0.1098,0.0899,,iter=4000, lr=0.03,Inaccurate. Sometimes good
uDreyfus1_ANN2::neuralnetwork_rmsprop_10,16:41:47.465,16:41:47.528,0.063,0.0902,0.0748,,iter=4000, lr=0.03,Inaccurate. Sometimes good
uDreyfus1_deepnet::gradientdescent_01,17:29:53.106,17:29:53.216,0.11,0.3085,0.2454,,numepochs=1000,Bad on univariate datasets
uDreyfus1_deepnet::gradientdescent_02,17:29:53.231,17:29:53.341,0.11,0.2631,0.2096,,numepochs=1000,Bad on univariate datasets
uDreyfus1_deepnet::gradientdescent_03,17:29:53.341,17:29:53.450,0.109,0.3217,0.269,,numepochs=1000,Bad on univariate datasets
uDreyfus1_deepnet::gradientdescent_04,17:29:53.450,17:29:53.559,0.109,0.3311,0.2609,,numepochs=1000,Bad on univariate datasets
uDreyfus1_deepnet::gradientdescent_05,17:29:53.559,17:29:53.684,0.125,0.2755,0.2199,,numepochs=1000,Bad on univariate datasets
uDreyfus1_deepnet::gradientdescent_06,17:29:53.684,17:29:53.794,0.11,0.2694,0.2161,,numepochs=1000,Bad on univariate datasets
uDreyfus1_deepnet::gradientdescent_07,17:29:53.794,17:29:53.903,0.109,0.3278,0.2627,,numepochs=1000,Bad on univariate datasets
uDreyfus1_deepnet::gradientdescent_08,17:29:53.919,17:29:54.028,0.109,0.3179,0.2643,,numepochs=1000,Bad on univariate datasets
uDreyfus1_deepnet::gradientdescent_09,17:29:54.028,17:29:54.137,0.109,0.2902,0.233,,numepochs=1000,Bad on univariate datasets
uDreyfus1_deepnet::gradientdescent_10,17:29:54.153,17:29:54.247,0.094,0.3323,0.2761,,numepochs=1000,Bad on univariate datasets
