event,start,end,duration,RMSE,MAE,stars,params,comment
uNeuroOne_nlsr::nlxb_01,15:36:55.100,15:36:55.115,0.015,0.283,0.2313,**,maxiter = 150,Require hand-made formulas and scaling
uNeuroOne_nlsr::nlxb_02,15:36:55.115,15:36:55.115,0,0.283,0.2313,**,maxiter = 150,Require hand-made formulas and scaling
uNeuroOne_nlsr::nlxb_03,15:36:55.115,15:36:55.131,0.016,0.283,0.2313,**,maxiter = 150,Require hand-made formulas and scaling
uNeuroOne_nlsr::nlxb_04,15:36:55.131,15:36:55.147,0.016,0.283,0.2313,**,maxiter = 150,Require hand-made formulas and scaling
uNeuroOne_nlsr::nlxb_05,15:36:55.147,15:36:55.162,0.015,0.283,0.2313,**,maxiter = 150,Require hand-made formulas and scaling
uNeuroOne_nlsr::nlxb_06,15:36:55.162,15:36:55.162,0,0.283,0.2313,**,maxiter = 150,Require hand-made formulas and scaling
uNeuroOne_nlsr::nlxb_07,15:36:55.162,15:36:55.178,0.016,0.283,0.2313,**,maxiter = 150,Require hand-made formulas and scaling
uNeuroOne_nlsr::nlxb_08,15:36:55.178,15:36:55.194,0.016,0.283,0.2313,**,maxiter = 150,Require hand-made formulas and scaling
uNeuroOne_nlsr::nlxb_09,15:36:55.194,15:36:55.209,0.015,0.283,0.2313,**,maxiter = 150,Require hand-made formulas and scaling
uNeuroOne_nlsr::nlxb_10,15:36:55.209,15:36:55.209,0,0.283,0.2313,**,maxiter = 150,Require hand-made formulas and scaling
uNeuroOne_minpack.lm::nlsLM_01,15:46:32.341,15:46:32.341,0,0.283,0.2313,**,maxiter = 150,Require hand-made formulas and scaling
uNeuroOne_minpack.lm::nlsLM_02,15:46:32.341,15:46:32.341,0,0.283,0.2313,**,maxiter = 150,Require hand-made formulas and scaling
uNeuroOne_minpack.lm::nlsLM_03,15:46:32.341,15:46:32.341,0,0.283,0.2313,**,maxiter = 150,Require hand-made formulas and scaling
uNeuroOne_minpack.lm::nlsLM_04,15:46:32.356,15:46:32.356,0,0.283,0.2313,**,maxiter = 150,Require hand-made formulas and scaling
uNeuroOne_minpack.lm::nlsLM_05,15:46:32.356,15:46:32.356,0,0.283,0.2313,**,maxiter = 150,Require hand-made formulas and scaling
uNeuroOne_minpack.lm::nlsLM_06,15:46:32.356,15:46:32.372,0.016,0.283,0.2313,**,maxiter = 150,Require hand-made formulas and scaling
uNeuroOne_minpack.lm::nlsLM_07,15:46:32.372,15:46:32.372,0,0.283,0.2313,**,maxiter = 150,Require hand-made formulas and scaling
uNeuroOne_minpack.lm::nlsLM_08,15:46:32.372,15:46:32.372,0,1.272,1.1104,**,maxiter = 150,Require hand-made formulas and scaling
uNeuroOne_minpack.lm::nlsLM_09,15:46:32.372,15:46:32.387,0.015,0.283,0.2313,**,maxiter = 150,Require hand-made formulas and scaling
uNeuroOne_minpack.lm::nlsLM_10,15:46:32.387,15:46:32.387,0,0.283,0.2313,**,maxiter = 150,Require hand-made formulas and scaling
uNeuroOne_h2o::h2o.deeplearning_01,15:54:47.155,15:54:47.781,0.626,0.4022,0.3192,,maxiter=200,Bad on univariate datasets
uNeuroOne_h2o::h2o.deeplearning_02,15:54:47.781,15:54:48.374,0.593,0.3813,0.2994,,maxiter=200,Bad on univariate datasets
uNeuroOne_h2o::h2o.deeplearning_03,15:54:48.374,15:54:48.874,0.5,0.2959,0.2455,,maxiter=200,Bad on univariate datasets
uNeuroOne_h2o::h2o.deeplearning_04,15:54:48.874,15:54:49.484,0.61,0.3912,0.3085,,maxiter=200,Bad on univariate datasets
uNeuroOne_h2o::h2o.deeplearning_05,15:54:49.484,15:54:50.030,0.546,0.4822,0.3705,,maxiter=200,Bad on univariate datasets
uNeuroOne_h2o::h2o.deeplearning_06,15:54:50.030,15:54:50.608,0.578,0.3642,0.301,,maxiter=200,Bad on univariate datasets
uNeuroOne_h2o::h2o.deeplearning_07,15:54:50.608,15:54:51.233,0.625,0.6903,0.5618,,maxiter=200,Bad on univariate datasets
uNeuroOne_h2o::h2o.deeplearning_08,15:54:51.233,15:54:51.827,0.594,0.2956,0.2449,,maxiter=200,Bad on univariate datasets
uNeuroOne_h2o::h2o.deeplearning_09,15:54:51.827,15:54:52.421,0.594,0.3159,0.2583,,maxiter=200,Bad on univariate datasets
uNeuroOne_h2o::h2o.deeplearning_10,15:54:52.421,15:54:52.983,0.562,0.2935,0.2447,,maxiter=200,Bad on univariate datasets
uNeuroOne_neuralnet::neuralnet_rprop+_01,18:11:51.573,18:11:51.604,0.031,0.2831,0.2316,,,Erratic on difficult datasets
uNeuroOne_neuralnet::neuralnet_rprop+_02,18:11:51.604,18:11:51.620,0.016,0.6162,0.5031,,,Erratic on difficult datasets
uNeuroOne_neuralnet::neuralnet_rprop+_03,18:11:51.620,18:11:51.651,0.031,0.283,0.2315,,,Erratic on difficult datasets
uNeuroOne_neuralnet::neuralnet_rprop+_04,18:11:51.651,18:11:51.698,0.047,0.283,0.2316,,,Erratic on difficult datasets
uNeuroOne_neuralnet::neuralnet_rprop+_05,18:11:51.698,18:11:51.729,0.031,0.2831,0.2317,,,Erratic on difficult datasets
uNeuroOne_neuralnet::neuralnet_backprop_01,21:21:32.625,21:21:34.734,2.109,0.2832,0.2311,,,Fails on difficult datasets
uNeuroOne_neuralnet::neuralnet_backprop_02,21:21:34.734,21:21:36.499,1.765,0.2832,0.2311,,,Fails on difficult datasets
uNeuroOne_neuralnet::neuralnet_backprop_03,21:21:36.499,21:21:38.530,2.031,0.2832,0.2311,,,Fails on difficult datasets
uNeuroOne_neuralnet::neuralnet_backprop_04,21:21:38.545,21:21:40.685,2.14,0.2832,0.2311,,,Fails on difficult datasets
uNeuroOne_neuralnet::neuralnet_backprop_05,21:21:40.685,21:21:42.732,2.047,0.2832,0.2311,,,Fails on difficult datasets
uNeuroOne_brnn::brnn_gaussNewton_01,10:21:56.148,10:21:56.163,0.015,0.3586,0.2926,***,,Different NN
uNeuroOne_brnn::brnn_gaussNewton_02,10:21:56.163,10:21:56.163,0,0.3587,0.2926,***,,Different NN
uNeuroOne_brnn::brnn_gaussNewton_03,10:21:56.163,10:21:56.179,0.016,0.3587,0.2926,***,,Different NN
uNeuroOne_brnn::brnn_gaussNewton_04,10:21:56.179,10:21:56.179,0,0.3586,0.2926,***,,Different NN
uNeuroOne_brnn::brnn_gaussNewton_05,10:21:56.195,10:21:56.195,0,0.3585,0.2925,***,,Different NN
uNeuroOne_brnn::brnn_gaussNewton_06,10:21:56.195,10:21:56.210,0.015,0.3586,0.2926,***,,Different NN
uNeuroOne_brnn::brnn_gaussNewton_07,10:21:56.210,10:21:56.210,0,0.3587,0.2926,***,,Different NN
uNeuroOne_brnn::brnn_gaussNewton_08,10:21:56.210,10:21:56.226,0.016,0.3586,0.2926,***,,Different NN
uNeuroOne_brnn::brnn_gaussNewton_09,10:21:56.226,10:21:56.241,0.015,0.3586,0.2926,***,,Different NN
uNeuroOne_brnn::brnn_gaussNewton_10,10:21:56.241,10:21:56.257,0.016,0.3586,0.2926,***,,Different NN
uNeuroOne_AMORE::train_ADAPTgd_01,13:56:49.097,13:56:49.206,0.109,0.2882,0.2363,*,iter=3500, lr=0.01. Require scaling,
uNeuroOne_AMORE::train_ADAPTgd_02,13:56:49.206,13:56:49.316,0.11,0.2884,0.2365,*,iter=3500, lr=0.01. Require scaling,
uNeuroOne_AMORE::train_ADAPTgd_03,13:56:49.316,13:56:49.425,0.109,0.2883,0.2364,*,iter=3500, lr=0.01. Require scaling,
uNeuroOne_AMORE::train_ADAPTgd_04,13:56:49.425,13:56:49.519,0.094,0.2882,0.2363,*,iter=3500, lr=0.01. Require scaling,
uNeuroOne_AMORE::train_ADAPTgd_05,13:56:49.535,13:56:49.628,0.093,0.2882,0.2363,*,iter=3500, lr=0.01. Require scaling,
uNeuroOne_AMORE::train_ADAPTgd_06,13:56:49.628,13:56:49.738,0.11,0.2883,0.2364,*,iter=3500, lr=0.01. Require scaling,
uNeuroOne_AMORE::train_ADAPTgd_07,13:56:49.738,13:56:49.847,0.109,0.2883,0.2363,*,iter=3500, lr=0.01. Require scaling,
uNeuroOne_AMORE::train_ADAPTgd_08,13:56:49.847,13:56:49.956,0.109,0.2882,0.2363,*,iter=3500, lr=0.01. Require scaling,
uNeuroOne_AMORE::train_ADAPTgd_09,13:56:49.956,13:56:50.050,0.094,0.2884,0.2365,*,iter=3500, lr=0.01. Require scaling,
uNeuroOne_AMORE::train_ADAPTgd_10,13:56:50.066,13:56:50.159,0.093,0.2882,0.2363,*,iter=3500, lr=0.01. Require scaling,
uNeuroOne_AMORE::train_ADAPTgdwm_01,14:17:18.538,14:17:18.867,0.329,0.2831,0.2305,*,iter=10000, lr=0.009, momentum=0.8, sigmoid,
uNeuroOne_AMORE::train_ADAPTgdwm_02,14:17:18.882,14:17:19.241,0.359,0.2831,0.2305,*,iter=10000, lr=0.009, momentum=0.8, sigmoid,
uNeuroOne_AMORE::train_ADAPTgdwm_03,14:17:19.241,14:17:19.585,0.344,0.2833,0.2304,*,iter=10000, lr=0.009, momentum=0.8, sigmoid,
uNeuroOne_AMORE::train_ADAPTgdwm_04,14:17:19.585,14:17:19.913,0.328,0.2832,0.2303,*,iter=10000, lr=0.009, momentum=0.8, sigmoid,
uNeuroOne_AMORE::train_ADAPTgdwm_05,14:17:19.913,14:17:20.241,0.328,0.2838,0.2304,*,iter=10000, lr=0.009, momentum=0.8, sigmoid,
uNeuroOne_AMORE::train_ADAPTgdwm_06,14:17:20.241,14:17:20.569,0.328,0.2831,0.2305,*,iter=10000, lr=0.009, momentum=0.8, sigmoid,
uNeuroOne_AMORE::train_ADAPTgdwm_07,14:17:20.569,14:17:20.897,0.328,0.2838,0.2304,*,iter=10000, lr=0.009, momentum=0.8, sigmoid,
uNeuroOne_AMORE::train_ADAPTgdwm_08,14:17:20.897,14:17:21.225,0.328,0.2831,0.2305,*,iter=10000, lr=0.009, momentum=0.8, sigmoid,
uNeuroOne_AMORE::train_ADAPTgdwm_09,14:17:21.225,14:17:21.554,0.329,0.2832,0.2303,*,iter=10000, lr=0.009, momentum=0.8, sigmoid,
uNeuroOne_AMORE::train_ADAPTgdwm_10,14:17:21.554,14:17:21.882,0.328,0.2831,0.2305,*,iter=10000, lr=0.009, momentum=0.8, sigmoid,
uNeuroOne_AMORE::train_BATCHgd_01,14:37:15.407,14:37:16.380,0.973,0.5816,0.4538,,iter=7500, lr=0.05, sigmoid,very bad
uNeuroOne_AMORE::train_BATCHgd_02,14:37:16.380,14:37:17.378,0.998,0.6845,0.5487,,iter=7500, lr=0.05, sigmoid,very bad
uNeuroOne_AMORE::train_BATCHgd_03,14:37:17.378,14:37:18.365,0.987,0.7702,0.633,,iter=7500, lr=0.05, sigmoid,very bad
uNeuroOne_AMORE::train_BATCHgd_04,14:37:18.365,14:37:19.351,0.986,0.6181,0.4871,,iter=7500, lr=0.05, sigmoid,very bad
uNeuroOne_AMORE::train_BATCHgd_05,14:37:19.351,14:37:20.323,0.972,0.687,0.5507,,iter=7500, lr=0.05, sigmoid,very bad
uNeuroOne_AMORE::train_BATCHgdwm_01,15:05:07.680,15:05:09.846,2.166,0.8267,0.6858,,iter=9000, lr=0.008, momentum=0.7, tansig,Bad. No example
uNeuroOne_AMORE::train_BATCHgdwm_02,15:05:09.846,15:05:12.021,2.175,0.8438,0.7021,,iter=9000, lr=0.008, momentum=0.7, tansig,Bad. No example
uNeuroOne_AMORE::train_BATCHgdwm_03,15:05:12.021,15:05:14.227,2.206,0.8632,0.7144,,iter=9000, lr=0.008, momentum=0.7, tansig,Bad. No example
uNeuroOne_AMORE::train_BATCHgdwm_04,15:05:14.227,15:05:16.432,2.205,0.7983,0.6575,,iter=9000, lr=0.008, momentum=0.7, tansig,Bad. No example
uNeuroOne_AMORE::train_BATCHgdwm_05,15:05:16.432,15:05:18.659,2.227,0.8526,0.708,,iter=9000, lr=0.008, momentum=0.7, tansig,Bad. No example
uNeuroOne_ANN2::neuralnetwork_sgd_01,16:27:58.281,16:27:58.330,0.049,0.2958,0.2481,*,iter=4000, lr=0.01,Require fine tuning
uNeuroOne_ANN2::neuralnetwork_sgd_02,16:27:58.332,16:27:58.382,0.05,0.2965,0.2431,*,iter=4000, lr=0.01,Require fine tuning
uNeuroOne_ANN2::neuralnetwork_sgd_03,16:27:58.384,16:27:58.433,0.049,0.2957,0.2444,*,iter=4000, lr=0.01,Require fine tuning
uNeuroOne_ANN2::neuralnetwork_sgd_04,16:27:58.434,16:27:58.482,0.048,0.2947,0.2429,*,iter=4000, lr=0.01,Require fine tuning
uNeuroOne_ANN2::neuralnetwork_sgd_05,16:27:58.484,16:27:58.532,0.048,0.2944,0.2421,*,iter=4000, lr=0.01,Require fine tuning
uNeuroOne_ANN2::neuralnetwork_sgd_06,16:27:58.534,16:27:58.583,0.049,0.2945,0.2444,*,iter=4000, lr=0.01,Require fine tuning
uNeuroOne_ANN2::neuralnetwork_sgd_07,16:27:58.585,16:27:58.634,0.049,0.2985,0.2448,*,iter=4000, lr=0.01,Require fine tuning
uNeuroOne_ANN2::neuralnetwork_sgd_08,16:27:58.636,16:27:58.684,0.048,0.2964,0.2484,*,iter=4000, lr=0.01,Require fine tuning
uNeuroOne_ANN2::neuralnetwork_sgd_09,16:27:58.686,16:27:58.735,0.049,0.2981,0.2492,*,iter=4000, lr=0.01,Require fine tuning
uNeuroOne_ANN2::neuralnetwork_sgd_10,16:27:58.737,16:27:58.786,0.049,0.2954,0.242,*,iter=4000, lr=0.01,Require fine tuning
uNeuroOne_ANN2::neuralnetwork_adam_01,16:35:38.155,16:35:38.233,0.078,0.2839,0.2324,*,iter=4000, lr=0.02,Require fine tuning
uNeuroOne_ANN2::neuralnetwork_adam_02,16:35:38.233,16:35:38.291,0.058,0.2895,0.2292,*,iter=4000, lr=0.02,Require fine tuning
uNeuroOne_ANN2::neuralnetwork_adam_03,16:35:38.291,16:35:38.338,0.047,0.286,0.2361,*,iter=4000, lr=0.02,Require fine tuning
uNeuroOne_ANN2::neuralnetwork_adam_04,16:35:38.338,16:35:38.391,0.053,0.2847,0.2296,*,iter=4000, lr=0.02,Require fine tuning
uNeuroOne_ANN2::neuralnetwork_adam_05,16:35:38.391,16:35:38.454,0.063,0.2839,0.2338,*,iter=4000, lr=0.02,Require fine tuning
uNeuroOne_ANN2::neuralnetwork_adam_06,16:35:38.454,16:35:38.507,0.053,0.2896,0.2361,*,iter=4000, lr=0.02,Require fine tuning
uNeuroOne_ANN2::neuralnetwork_adam_07,16:35:38.507,16:35:38.561,0.054,0.2875,0.2299,*,iter=4000, lr=0.02,Require fine tuning
uNeuroOne_ANN2::neuralnetwork_adam_08,16:35:38.563,16:35:38.613,0.05,0.2838,0.2326,*,iter=4000, lr=0.02,Require fine tuning
uNeuroOne_ANN2::neuralnetwork_adam_09,16:35:38.613,16:35:38.664,0.051,0.2887,0.2436,*,iter=4000, lr=0.02,Require fine tuning
uNeuroOne_ANN2::neuralnetwork_adam_10,16:35:38.664,16:35:38.714,0.05,0.2895,0.2409,*,iter=4000, lr=0.02,Require fine tuning
uNeuroOne_ANN2::neuralnetwork_rmsprop_01,16:42:00.619,16:42:00.666,0.047,0.2872,0.2289,,iter=4000, lr=0.03,Inaccurate. Sometimes good
uNeuroOne_ANN2::neuralnetwork_rmsprop_02,16:42:00.666,16:42:00.713,0.047,0.286,0.2388,,iter=4000, lr=0.03,Inaccurate. Sometimes good
uNeuroOne_ANN2::neuralnetwork_rmsprop_03,16:42:00.728,16:42:00.775,0.047,0.2835,0.2334,,iter=4000, lr=0.03,Inaccurate. Sometimes good
uNeuroOne_ANN2::neuralnetwork_rmsprop_04,16:42:00.775,16:42:00.822,0.047,0.2837,0.2319,,iter=4000, lr=0.03,Inaccurate. Sometimes good
uNeuroOne_ANN2::neuralnetwork_rmsprop_05,16:42:00.822,16:42:00.869,0.047,0.2856,0.2373,,iter=4000, lr=0.03,Inaccurate. Sometimes good
uNeuroOne_ANN2::neuralnetwork_rmsprop_06,16:42:00.869,16:42:00.916,0.047,0.2882,0.2374,,iter=4000, lr=0.03,Inaccurate. Sometimes good
uNeuroOne_ANN2::neuralnetwork_rmsprop_07,16:42:00.916,16:42:00.963,0.047,0.285,0.2373,,iter=4000, lr=0.03,Inaccurate. Sometimes good
uNeuroOne_ANN2::neuralnetwork_rmsprop_08,16:42:00.963,16:42:01.025,0.062,0.2834,0.2327,,iter=4000, lr=0.03,Inaccurate. Sometimes good
uNeuroOne_ANN2::neuralnetwork_rmsprop_09,16:42:01.025,16:42:01.072,0.047,0.2857,0.2367,,iter=4000, lr=0.03,Inaccurate. Sometimes good
uNeuroOne_ANN2::neuralnetwork_rmsprop_10,16:42:01.072,16:42:01.119,0.047,0.2967,0.2506,,iter=4000, lr=0.03,Inaccurate. Sometimes good
uNeuroOne_deepnet::gradientdescent_01,17:30:06.885,17:30:06.994,0.109,0.2861,0.2348,,numepochs=1000,Bad on univariate datasets
uNeuroOne_deepnet::gradientdescent_02,17:30:06.994,17:30:07.104,0.11,0.2861,0.2349,,numepochs=1000,Bad on univariate datasets
uNeuroOne_deepnet::gradientdescent_03,17:30:07.104,17:30:07.213,0.109,0.2845,0.233,,numepochs=1000,Bad on univariate datasets
uNeuroOne_deepnet::gradientdescent_04,17:30:07.213,17:30:07.322,0.109,0.2846,0.2331,,numepochs=1000,Bad on univariate datasets
uNeuroOne_deepnet::gradientdescent_05,17:30:07.322,17:30:07.432,0.11,0.286,0.2347,,numepochs=1000,Bad on univariate datasets
uNeuroOne_deepnet::gradientdescent_06,17:30:07.432,17:30:07.541,0.109,0.2861,0.2348,,numepochs=1000,Bad on univariate datasets
uNeuroOne_deepnet::gradientdescent_07,17:30:07.541,17:30:07.651,0.11,0.2861,0.2349,,numepochs=1000,Bad on univariate datasets
uNeuroOne_deepnet::gradientdescent_08,17:30:07.651,17:30:07.760,0.109,0.286,0.2347,,numepochs=1000,Bad on univariate datasets
uNeuroOne_deepnet::gradientdescent_09,17:30:07.760,17:30:07.869,0.109,0.2861,0.2349,,numepochs=1000,Bad on univariate datasets
uNeuroOne_deepnet::gradientdescent_10,17:30:07.869,17:30:07.979,0.11,0.2845,0.2329,,numepochs=1000,Bad on univariate datasets
